#quantidade_convidados
20

#quantidade_mesas
5

#limites_minimo_maximo_mesas
2 5
2 5
2 5
2 5
2 5

#beneficios
   0    1  14
   0    9  11
   0   11  -16
   0   15  -15
   1    4  19
   1    6  6
   1    8  11
   1    9  -11
   1   11  6
   1   15  4
   1   17  -13
   2    4  -13
   2    6  -17
   2   12  -20
   2   18  9
   3    5  2
   3   10  -13
   3   16  4
   4    6  -4
   4    9  -7
   4   19  -6
   5    9  16
   5   11  6
   6    8  7
   6   10  3
   6   13  -10
   6   17  -8
   7    8  4
   7    9  -15
   7   13  11
   7   18  -12
   7   19  20
   8   11  -15
   8   13  16
   8   14  -13
   8   18  13
   8   19  10
   9   10  -18
   9   11  7
  10   11  -2
  10   13  -4
  10   15  5
  10   19  -2
  11   15  -14
  11   18  15
  12   14  -14
  13   16  18
  13   17  -19
  14   16  13
  15   17  -14