#quantidade_convidados
20

#quantidade_mesas
5

#limites_minimo_maximo_mesas
2 5
2 5
2 5
2 5
2 5

#beneficios
   0    2  -9
   0    3  -5
   0    7  -14
   0    9  -13
   0   11  -14
   0   13  9
   0   14  14
   0   19  -2
   1    3  -17
   1    4  4
   1    5  -12
   1    7  -20
   1   10  10
   1   11  7
   1   13  -11
   1   15  -1
   1   17  -18
   2    4  -19
   2    6  1
   2   17  -11
   3    4  -6
   3    7  -4
   3    9  11
   3   12  4
   3   14  7
   3   16  -14
   3   17  9
   3   18  17
   3   19  -3
   4    5  5
   4    7  -7
   4    9  2
   4   10  -16
   4   16  13
   4   17  11
   4   19  -20
   5    6  -3
   5    8  17
   5    9  -1
   5   10  0
   5   14  12
   5   15  15
   6    8  6
   6   11  -2
   6   14  -11
   6   17  -1
   6   18  7
   6   19  8
   7    9  19
   7   10  4
   7   11  -11
   7   13  1
   7   14  13
   7   15  -1
   7   19  13
   8   13  -10
   8   14  0
   8   16  16
   8   19  -9
   9   10  4
   9   13  -9
   9   14  -17
   9   19  -7
  10   11  9
  10   13  -17
  10   16  -3
  11   12  2
  11   14  19
  11   15  -10
  11   17  6
  11   18  15
  11   19  4
  12   13  6
  12   15  6
  12   16  -9
  12   18  15
  12   19  18
  13   16  -20
  13   18  1
  13   19  -7
  14   17  18
  14   18  -4
  15   16  -7
  15   18  9
  15   19  18
  16   17  -17
  16   18  0
  16   19  -11
  17   18  4