#quantidade_convidados
20

#quantidade_mesas
7

#limites_minimo_maximo_mesas
2 5
2 5
2 5
2 5
2 5
1 2
1 2

#beneficios
   0    1  11
   0    3  20
   0    6  13
   0    7  -1
   0    8  -6
   0    9  18
   0   15  6
   0   16  -19
   0   18  -9
   1    2  16
   1    3  10
   1    5  -2
   1    9  -2
   1   10  11
   1   12  -1
   1   13  3
   1   14  15
   1   15  3
   1   16  14
   1   17  11
   1   19  -15
   2    4  -13
   2   10  1
   2   11  16
   2   15  -17
   2   16  12
   2   19  13
   3    4  -20
   3    5  -13
   3    7  -13
   3   11  7
   3   14  14
   3   17  2
   3   18  17
   4    7  -13
   4    8  8
   4   10  -20
   4   11  1
   4   13  -17
   4   15  8
   5    6  2
   5    9  -1
   5   11  9
   5   13  -1
   5   14  -15
   5   16  -12
   5   18  15
   5   19  -1
   6    8  -12
   6   11  17
   6   14  -14
   6   17  -16
   7    8  0
   7   10  9
   7   12  13
   7   14  -3
   7   16  -11
   8    9  -14
   8   10  11
   8   11  0
   8   13  -5
   8   14  4
   8   15  10
   8   18  14
   9   11  -10
   9   12  14
   9   14  4
   9   15  11
   9   16  13
   9   18  15
  10   11  3
  10   14  -8
  10   15  -3
  10   19  8
  11   13  9
  11   14  8
  11   16  -15
  11   18  13
  11   19  6
  12   15  -3
  12   18  -1
  13   15  -8
  13   16  -13
  13   19  -11
  14   15  20
  14   18  8
  14   19  1
  15   16  7
  15   18  -3
  15   19  -3
  16   18  -11
  16   19  0
  18   19  11