#quantidade_convidados
30

#quantidade_mesas
8

#limites_minimo_maximo_mesas
2 5
2 5
2 5
2 5
2 5
2 5
2 5
2 5

#beneficios
   0    4  -3
   0    7  -18
   0   10  -5
   0   16  -10
   0   18  8
   1    3  -9
   1    5  9
   1    6  -13
   1   18  -13
   1   20  6
   1   22  20
   1   24  -1
   1   27  13
   2    4  -4
   2   18  17
   2   20  4
   2   21  -3
   3    6  10
   3   13  -14
   3   16  -2
   3   19  -5
   4    6  -11
   4    8  -11
   4    9  20
   4   10  18
   4   11  5
   4   14  5
   4   18  17
   4   20  -2
   5   12  -2
   5   13  -7
   5   14  13
   5   26  4
   6   29  -17
   7    8  -1
   7    9  -2
   7   10  7
   7   12  4
   7   19  5
   7   20  -7
   7   21  -20
   7   23  -1
   7   24  -9
   7   27  -10
   7   28  -4
   8   11  -18
   8   18  5
   8   20  11
   8   21  6
   8   22  -8
   8   29  7
   9   11  3
   9   15  0
   9   16  9
  10   11  11
  10   17  -4
  10   22  17
  11   14  -13
  11   15  -11
  11   16  9
  11   18  13
  11   21  -1
  11   23  -18
  12   16  7
  12   18  -5
  12   21  -17
  13   18  17
  13   22  9
  13   28  0
  14   19  -16
  14   21  7
  15   16  -18
  15   18  -14
  15   21  20
  15   26  -12
  15   27  2
  16   21  -14
  17   21  9
  17   22  -2
  17   24  17
  19   24  19
  19   25  10
  20   23  -17
  20   26  9
  20   28  3
  20   29  8
  21   24  -13
  21   27  2
  21   29  9
  22   27  -10
  22   29  -15
  24   29  1
  25   26  -13
  25   29  16
  27   29  13
  28   29  16