#quantidade_convidados
30

#quantidade_mesas
5

#limites_minimo_maximo_mesas
2 5
2 5
2 5
4 10
4 10

#beneficios
   0    4  -12
   0    5  -15
   0   13  16
   0   18  -19
   0   19  -16
   0   23  -9
   0   24  3
   1    2  16
   1    6  -1
   1    7  14
   1   10  7
   1   12  -3
   1   14  15
   1   15  -7
   1   17  20
   1   28  0
   2   10  8
   2   14  -10
   2   17  -8
   2   27  12
   3    4  18
   3    5  7
   3    6  1
   3    7  16
   3    9  10
   3   22  -10
   3   26  8
   4    8  -15
   4   14  -2
   4   15  19
   4   21  -17
   4   26  -10
   5   20  1
   5   27  10
   5   28  9
   6    9  1
   6   16  5
   6   20  -5
   6   21  -2
   6   23  -10
   6   25  -9
   6   28  1
   7   13  -8
   7   14  19
   7   17  -14
   7   21  -18
   7   25  -15
   7   26  11
   8   11  13
   8   14  -14
   8   16  -6
   8   17  0
   9   10  9
   9   11  12
   9   16  -10
   9   17  7
   9   20  -18
   9   25  20
   9   27  -2
   9   28  -15
  10   12  -3
  10   13  -14
  10   14  -17
  10   21  -17
  10   29  -10
  11   12  -14
  11   14  -15
  11   27  -10
  11   29  -19
  12   14  11
  12   19  13
  12   29  -13
  13   19  -13
  13   27  7
  14   26  15
  15   24  15
  15   28  -2
  16   27  4
  16   28  -19
  17   19  13
  18   23  16
  19   28  15
  20   22  15
  21   22  -4
  22   26  8
  22   29  16
  23   28  -9
  24   29  -12
  25   26  -5
  25   29  -12
  26   28  -15
  27   28  -17
  28   29  20