#quantidade_convidados
30

#quantidade_mesas
5

#limites_minimo_maximo_mesas
2 5
2 5
2 5
4 10
4 10

#beneficios
   0    1  -2
   0    2  -18
   0    4  -7
   0    6  0
   0    7  -8
   0    8  -14
   0    9  19
   0   10  1
   0   12  -14
   0   13  -4
   0   14  19
   0   15  4
   0   16  -2
   0   17  -12
   0   18  6
   0   19  20
   0   20  -2
   0   21  -14
   0   22  20
   0   23  -18
   0   24  -5
   0   26  -13
   0   28  -10
   0   29  -17
   1    2  8
   1    4  20
   1    5  -2
   1    6  -15
   1    7  7
   1    8  -11
   1   10  17
   1   12  7
   1   13  14
   1   14  15
   1   15  18
   1   17  -15
   1   18  -17
   1   19  -12
   1   20  -7
   1   21  2
   1   23  19
   1   24  0
   1   25  8
   1   26  4
   1   27  -7
   1   28  7
   2    3  -13
   2    4  14
   2    5  -4
   2    6  -6
   2    7  -15
   2    8  4
   2    9  -17
   2   10  -17
   2   11  14
   2   12  -9
   2   13  2
   2   14  -19
   2   15  -1
   2   16  13
   2   17  12
   2   18  13
   2   19  8
   2   20  -15
   2   21  -5
   2   22  9
   2   23  8
   2   25  -1
   2   26  -20
   2   27  5
   2   28  13
   2   29  16
   3    4  -18
   3    5  -16
   3    6  -1
   3    7  -3
   3   10  9
   3   11  -6
   3   12  8
   3   13  15
   3   14  -10
   3   15  15
   3   16  -3
   3   17  -16
   3   18  3
   3   21  9
   3   22  -3
   3   23  -15
   3   24  14
   3   25  18
   3   26  10
   3   28  -20
   3   29  10
   4    5  6
   4    6  10
   4    7  1
   4    9  3
   4   10  -10
   4   11  -8
   4   12  -1
   4   14  18
   4   15  13
   4   17  1
   4   18  -9
   4   19  -11
   4   20  -18
   4   21  -19
   4   22  1
   4   23  -14
   4   24  3
   4   26  19
   4   27  -14
   4   28  -14
   4   29  -1
   5    7  10
   5    8  9
   5    9  19
   5   11  -7
   5   12  -13
   5   13  -7
   5   14  3
   5   15  8
   5   16  5
   5   17  7
   5   18  6
   5   19  -16
   5   20  -11
   5   22  -14
   5   23  12
   5   24  -10
   5   25  10
   5   26  9
   5   27  5
   5   28  11
   5   29  -13
   6    8  -20
   6    9  12
   6   10  2
   6   11  20
   6   13  -14
   6   16  4
   6   17  6
   6   18  3
   6   20  0
   6   21  7
   6   22  14
   6   23  -3
   6   24  12
   6   25  13
   6   26  16
   6   29  -2
   7    8  -11
   7    9  12
   7   10  0
   7   11  -16
   7   12  19
   7   13  -11
   7   14  -19
   7   15  13
   7   16  -7
   7   18  0
   7   19  -8
   7   20  11
   7   22  10
   7   24  -17
   7   26  -17
   7   27  -10
   7   28  3
   7   29  18
   8    9  -17
   8   10  8
   8   11  -10
   8   12  -5
   8   13  2
   8   14  -8
   8   15  17
   8   16  -13
   8   17  -4
   8   20  12
   8   22  7
   8   23  -13
   8   25  -2
   8   26  1
   8   27  -13
   8   28  18
   9   10  -18
   9   12  -7
   9   13  -12
   9   14  -14
   9   15  -5
   9   16  1
   9   17  -8
   9   18  -1
   9   19  16
   9   20  5
   9   21  4
   9   22  -2
   9   24  9
   9   25  18
   9   26  -10
   9   27  5
   9   28  -7
   9   29  4
  10   11  -20
  10   12  17
  10   15  -1
  10   17  -12
  10   18  -14
  10   19  12
  10   22  -17
  10   23  -14
  10   24  12
  10   25  -17
  10   28  -6
  10   29  17
  11   14  -16
  11   15  7
  11   17  11
  11   18  7
  11   19  0
  11   21  4
  11   22  -20
  11   23  2
  11   26  -18
  11   27  10
  11   28  -19
  12   13  11
  12   14  -2
  12   15  18
  12   16  -14
  12   17  0
  12   18  -7
  12   19  -7
  12   20  14
  12   21  12
  12   22  18
  12   24  -19
  12   25  8
  12   27  15
  12   28  14
  13   14  19
  13   17  -2
  13   18  17
  13   20  -1
  13   22  -4
  13   23  18
  13   24  13
  13   25  16
  13   26  10
  13   28  17
  14   15  -20
  14   16  -6
  14   17  2
  14   18  -8
  14   20  4
  14   21  -10
  14   22  -2
  14   23  12
  14   24  2
  14   25  -7
  14   26  12
  14   28  4
  15   16  -11
  15   17  6
  15   18  16
  15   20  4
  15   23  2
  15   24  -17
  15   25  0
  15   26  -20
  15   27  13
  15   29  13
  16   18  19
  16   20  -6
  16   21  -17
  16   22  12
  16   25  11
  16   27  17
  16   28  -5
  16   29  17
  17   18  -6
  17   19  -4
  17   21  9
  17   23  15
  17   24  -19
  17   26  14
  17   27  -7
  17   28  4
  17   29  19
  18   20  18
  18   21  19
  18   22  9
  18   23  -12
  18   24  -2
  18   25  11
  18   26  -6
  18   27  14
  18   28  1
  18   29  -5
  19   20  6
  19   21  12
  19   22  14
  19   24  1
  19   25  0
  19   28  -7
  19   29  -13
  20   22  19
  20   24  0
  20   25  8
  20   26  -15
  20   27  13
  20   28  -12
  21   23  -1
  21   24  -16
  21   25  -3
  21   26  -10
  21   27  -10
  21   28  9
  22   23  -3
  22   24  20
  22   25  19
  22   26  20
  22   27  -4
  22   29  13
  23   24  -15
  23   25  14
  23   26  4
  23   27  19
  23   28  -1
  23   29  10
  24   25  -13
  24   26  9
  24   28  17
  24   29  12
  25   27  5
  25   28  3
  25   29  7
  26   27  -5
  26   29  -3
  27   28  4
  27   29  -14
  28   29  10