#quantidade_convidados
30

#quantidade_mesas
8

#limites_minimo_maximo_mesas
2 5
2 5
2 5
2 5
2 5
2 5
2 5
2 5

#beneficios
   0    1  -8
   0    2  -20
   0    3  6
   0    5  -20
   0    9  3
   0   12  20
   0   15  19
   0   16  -5
   0   17  -20
   0   19  -8
   0   22  -11
   0   23  -2
   0   25  16
   0   26  -1
   0   27  -7
   0   29  2
   1    3  -7
   1    4  -12
   1    7  -13
   1    9  -19
   1   11  4
   1   14  16
   1   17  16
   1   21  -14
   1   22  -17
   1   25  -20
   1   27  9
   1   28  14
   1   29  -16
   2    6  13
   2    7  -7
   2   12  -15
   2   15  -4
   2   16  -12
   2   17  -7
   2   19  -3
   2   23  20
   2   24  -9
   2   25  -7
   2   26  2
   2   27  -13
   2   28  2
   3    4  3
   3    7  -4
   3   13  -4
   3   21  2
   3   22  -17
   3   24  12
   3   25  -5
   3   27  9
   3   28  -4
   3   29  15
   4    6  10
   4    7  15
   4    8  10
   4   12  -19
   4   13  14
   4   14  -12
   4   15  1
   4   16  -19
   4   19  -11
   4   20  16
   4   22  17
   4   23  18
   4   25  3
   4   27  -16
   4   28  11
   5    7  19
   5    8  0
   5    9  4
   5   11  14
   5   12  18
   5   14  14
   5   15  -5
   5   16  -8
   5   19  -13
   5   20  -20
   5   21  3
   5   22  6
   5   24  14
   5   25  11
   5   28  -17
   6    7  -18
   6   10  1
   6   11  -4
   6   12  -2
   6   13  1
   6   14  -2
   6   18  20
   6   19  19
   6   21  -8
   6   22  16
   6   23  -11
   6   24  -10
   6   25  12
   6   29  0
   7    8  3
   7    9  -5
   7   11  -4
   7   12  -3
   7   15  -20
   7   19  -10
   7   20  6
   7   21  11
   7   23  12
   7   25  -13
   7   27  -20
   7   28  -10
   7   29  12
   8   14  20
   8   15  -1
   8   18  1
   8   19  -19
   8   27  1
   9   12  2
   9   26  1
   9   27  -2
   9   29  11
  10   14  20
  10   16  16
  10   17  10
  10   18  -15
  10   19  10
  10   20  -9
  10   23  -11
  10   24  -17
  10   27  -18
  11   16  -4
  11   18  8
  11   22  -5
  11   23  3
  11   26  12
  11   27  16
  12   16  17
  12   17  -6
  12   22  -4
  12   23  -12
  12   24  10
  12   25  -13
  12   26  13
  12   27  12
  13   17  -16
  13   19  3
  13   20  11
  13   21  7
  13   23  20
  13   26  16
  14   15  -6
  14   22  -10
  14   23  4
  14   29  5
  15   21  -18
  15   22  -20
  15   26  -15
  15   27  -7
  15   28  4
  15   29  -17
  16   17  16
  16   21  3
  16   23  6
  16   25  -15
  16   27  17
  16   28  -16
  16   29  0
  17   18  18
  17   19  5
  17   20  11
  17   21  9
  17   24  -4
  17   25  -20
  17   26  14
  17   29  -6
  18   19  -19
  18   22  18
  18   23  -6
  18   24  11
  18   26  3
  18   27  -5
  18   28  15
  18   29  8
  19   21  16
  19   22  19
  19   27  14
  19   28  17
  20   22  1
  20   23  10
  20   26  -2
  21   23  18
  21   24  -18
  21   29  14
  22   26  -6
  22   27  9
  22   28  4
  23   24  -4
  23   27  4
  23   28  5
  23   29  -1
  24   26  -6
  24   27  -7
  24   29  0
  25   26  8
  25   28  0
  26   27  8
  28   29  -10