#quantidade_convidados
50

#quantidade_mesas
8

#limites_minimo_maximo_mesas
2 8
2 8
2 8
2 8
4 10
4 10
4 10
4 10

#beneficios
   0    1  -5
   0    4  -6
   0   13  10
   0   20  -2
   0   22  17
   0   23  -15
   0   27  -14
   0   29  -16
   0   30  -10
   0   42  14
   0   45  -15
   0   49  10
   1    2  6
   1    4  -19
   1    8  -8
   1   10  -9
   1   11  18
   1   14  3
   1   17  -1
   1   19  13
   1   20  -16
   1   26  -17
   1   29  16
   1   37  10
   1   38  -4
   1   39  -20
   1   41  6
   1   42  -5
   1   45  -9
   1   46  12
   1   47  -12
   1   48  -14
   2    6  12
   2   15  17
   2   19  -9
   2   27  10
   2   31  15
   3    5  12
   3   10  -6
   3   14  -16
   3   17  -19
   3   22  -14
   3   24  9
   3   28  17
   3   30  10
   3   32  -3
   3   35  10
   3   43  -13
   4    6  3
   4    8  13
   4   11  19
   4   13  19
   4   26  17
   4   31  19
   4   33  17
   4   34  -19
   4   37  17
   5    8  -15
   5   15  -11
   5   16  12
   5   19  -18
   5   22  -9
   5   38  2
   5   42  3
   6    8  -7
   6   25  -17
   6   26  -9
   6   28  10
   6   30  -17
   6   36  16
   6   37  -9
   6   41  -14
   6   49  2
   7   19  -19
   7   21  -15
   7   24  20
   7   31  -9
   7   36  20
   7   40  3
   7   43  -12
   7   46  -20
   7   47  -19
   7   49  -1
   8   16  -1
   8   18  -11
   8   19  2
   8   22  10
   8   34  -6
   9   13  18
   9   21  12
   9   22  19
   9   33  10
   9   36  16
   9   38  -8
   9   44  -3
   9   47  -11
  10   13  10
  10   14  9
  10   20  -18
  10   24  12
  10   25  12
  10   30  7
  10   32  17
  10   38  -20
  10   43  1
  10   47  9
  10   49  6
  11   12  1
  11   14  13
  11   15  14
  11   16  18
  11   23  -10
  11   36  -20
  11   39  -17
  12   14  12
  12   21  12
  12   26  19
  12   31  10
  12   33  12
  12   35  -7
  12   40  -19
  13   33  -16
  13   35  10
  13   36  -19
  13   37  7
  13   38  20
  13   42  5
  13   47  10
  14   15  -6
  14   16  -9
  14   24  -19
  14   32  -15
  14   33  -4
  14   40  -15
  14   44  8
  14   47  3
  15   16  8
  15   22  -4
  15   23  -15
  15   33  -6
  15   39  -7
  15   41  11
  15   42  -13
  15   45  -6
  15   48  9
  16   18  8
  16   19  -10
  16   21  12
  16   22  -13
  16   25  -18
  16   27  5
  16   31  -14
  16   32  -13
  16   34  19
  16   39  -7
  16   49  11
  17   18  7
  17   20  -4
  17   28  0
  17   29  -10
  17   35  15
  17   49  -10
  18   21  9
  18   25  -6
  18   26  10
  18   35  -5
  18   36  0
  18   39  -15
  19   34  -4
  19   38  17
  19   42  -5
  19   47  -11
  20   26  16
  20   27  19
  20   30  -6
  20   33  -20
  20   37  7
  20   42  16
  20   46  -16
  21   36  20
  21   49  -7
  22   39  -5
  22   46  14
  22   49  1
  23   35  -15
  23   41  -9
  23   43  5
  23   44  -1
  23   48  19
  24   27  -14
  24   30  -12
  24   34  -13
  24   38  10
  24   42  5
  24   44  16
  24   45  20
  24   47  20
  24   48  -1
  25   26  5
  25   32  17
  25   35  -2
  25   38  9
  25   42  4
  26   32  -9
  26   33  -12
  26   36  12
  26   39  -18
  26   45  -3
  26   48  10
  26   49  -6
  27   31  -6
  27   32  9
  27   37  12
  27   43  -9
  27   44  4
  27   45  -11
  27   46  -6
  27   47  3
  28   32  -18
  28   37  12
  28   39  -12
  28   41  0
  28   43  0
  28   49  -20
  29   31  15
  29   37  -1
  29   39  14
  29   47  12
  30   32  -11
  30   34  7
  30   40  20
  30   48  8
  31   35  1
  31   39  -13
  31   40  0
  31   42  5
  31   46  -12
  32   40  -11
  32   46  -18
  32   47  11
  33   34  -5
  33   36  4
  33   41  -7
  33   45  -14
  33   49  11
  35   39  -12
  35   41  16
  35   42  7
  35   46  -6
  35   47  20
  36   39  -13
  36   40  -5
  36   45  6
  37   38  -20
  37   40  -12
  37   42  1
  37   47  -20
  37   48  16
  38   40  -1
  38   43  -3
  38   44  -15
  38   47  -18
  38   49  -4
  39   43  18
  39   49  -9
  40   43  16
  40   45  19
  40   46  -18
  42   45  14
  42   46  17
  44   45  14
  44   47  -3
  44   49  -15
  45   48  16
  47   48  -5
  47   49  -7