#quantidade_convidados
50

#quantidade_mesas
8

#limites_minimo_maximo_mesas
2 8
2 8
2 8
2 8
2 8
2 8
2 8
2 8

#beneficios
   0    1  20
   0    3  19
   0    7  -14
   0   11  -16
   0   16  8
   0   17  0
   0   18  19
   0   20  13
   0   23  4
   0   30  14
   0   31  20
   0   32  7
   0   34  17
   0   35  20
   0   37  20
   0   41  19
   0   42  11
   0   43  -9
   0   45  -13
   1    2  15
   1    5  13
   1    6  -17
   1   10  5
   1   11  -10
   1   12  -7
   1   15  -7
   1   16  -17
   1   18  -10
   1   20  -14
   1   22  19
   1   26  6
   1   27  10
   1   29  -10
   1   31  10
   1   33  -4
   1   36  -15
   1   39  -9
   1   40  2
   1   42  8
   1   44  -18
   1   46  -18
   1   49  10
   2    3  9
   2    4  -6
   2    5  16
   2    6  -8
   2   10  20
   2   11  6
   2   12  14
   2   13  -14
   2   14  12
   2   16  8
   2   18  4
   2   20  -3
   2   22  -4
   2   24  -20
   2   27  -3
   2   35  -5
   2   36  -15
   2   38  7
   2   39  -13
   2   40  8
   2   41  -5
   2   45  -17
   2   47  19
   2   48  -13
   3    7  2
   3   14  8
   3   15  -11
   3   16  -17
   3   20  15
   3   26  -17
   3   29  -16
   3   34  -10
   3   35  -7
   3   37  10
   3   40  -5
   3   42  4
   3   43  -7
   3   45  15
   3   46  9
   3   47  -6
   3   48  -13
   4    5  -3
   4    6  -12
   4    7  14
   4    8  -7
   4    9  -6
   4   11  18
   4   12  19
   4   13  20
   4   14  3
   4   15  -6
   4   16  1
   4   17  -7
   4   18  4
   4   22  18
   4   23  9
   4   24  1
   4   25  -14
   4   26  2
   4   27  14
   4   29  -6
   4   36  -2
   4   40  -12
   4   43  -8
   4   44  8
   4   48  0
   4   49  4
   5   13  12
   5   17  -20
   5   18  -16
   5   20  -20
   5   21  17
   5   25  10
   5   26  11
   5   27  -2
   5   29  -1
   5   30  0
   5   31  11
   5   32  6
   5   33  11
   5   34  -14
   5   39  11
   5   40  6
   5   44  -12
   5   45  -3
   5   46  11
   6    7  -2
   6    8  5
   6    9  8
   6   10  -14
   6   11  2
   6   14  11
   6   15  -1
   6   22  12
   6   25  -3
   6   27  9
   6   28  14
   6   29  -1
   6   32  -17
   6   34  -15
   6   35  -2
   6   37  -19
   6   39  15
   6   40  -18
   6   41  -13
   6   43  13
   6   47  13
   6   48  5
   7    9  0
   7   10  2
   7   12  8
   7   13  9
   7   16  -3
   7   17  -12
   7   22  -10
   7   23  -16
   7   29  -4
   7   31  -12
   7   35  15
   7   36  0
   7   39  -10
   7   40  -15
   7   45  4
   7   49  -1
   8   12  14
   8   16  -17
   8   18  6
   8   19  -6
   8   21  15
   8   23  -4
   8   24  -14
   8   25  -14
   8   26  -10
   8   28  -5
   8   29  -5
   8   30  -17
   8   31  19
   8   35  18
   8   37  0
   8   41  16
   8   44  10
   8   45  -12
   8   46  19
   9   12  -20
   9   13  10
   9   15  -17
   9   17  15
   9   19  -1
   9   22  13
   9   27  6
   9   30  -16
   9   34  -8
   9   39  -6
   9   40  -10
   9   47  6
   9   48  -11
   9   49  -5
  10   12  -2
  10   16  13
  10   17  -3
  10   19  -6
  10   21  -10
  10   25  17
  10   26  -8
  10   28  -3
  10   29  -3
  10   30  2
  10   32  -14
  10   34  -8
  10   38  12
  10   39  15
  10   42  10
  10   43  -19
  10   44  14
  10   46  -6
  11   13  4
  11   14  13
  11   15  -4
  11   16  -17
  11   17  20
  11   20  -20
  11   21  1
  11   22  -5
  11   23  8
  11   28  3
  11   32  5
  11   33  -4
  11   34  5
  11   36  -10
  11   37  8
  11   38  -16
  11   39  -20
  11   43  -5
  11   44  -17
  11   45  -17
  11   47  -5
  11   49  -4
  12   13  1
  12   14  11
  12   16  19
  12   18  1
  12   19  14
  12   20  -17
  12   21  13
  12   22  -16
  12   23  14
  12   30  9
  12   31  2
  12   33  19
  12   34  -18
  12   38  20
  12   39  -16
  12   40  -12
  12   41  -10
  12   43  15
  12   45  -20
  12   46  -5
  12   48  -4
  12   49  17
  13   18  -20
  13   22  11
  13   23  -13
  13   24  20
  13   25  -12
  13   26  -3
  13   27  -3
  13   34  19
  13   38  16
  13   39  20
  13   41  11
  13   44  14
  13   45  1
  13   48  -17
  13   49  -2
  14   15  -9
  14   16  0
  14   18  15
  14   19  -18
  14   21  -14
  14   24  -8
  14   25  1
  14   26  -9
  14   27  4
  14   30  14
  14   31  -20
  14   32  -14
  14   33  11
  14   34  -6
  14   35  -18
  14   36  19
  14   37  0
  14   38  -9
  14   39  9
  14   40  5
  14   44  11
  14   45  18
  14   46  -3
  14   48  17
  15   18  -14
  15   19  -17
  15   22  9
  15   26  17
  15   27  6
  15   28  -12
  15   29  19
  15   30  -2
  15   31  -9
  15   32  -13
  15   34  -15
  15   35  20
  15   40  -13
  15   41  -1
  15   42  19
  15   44  18
  15   47  -1
  15   49  -4
  16   18  -11
  16   19  8
  16   21  -4
  16   22  -16
  16   24  -20
  16   26  -9
  16   28  -20
  16   33  13
  16   35  -18
  16   40  9
  16   41  6
  16   44  1
  16   46  -8
  16   47  9
  16   48  -20
  17   18  -18
  17   19  15
  17   20  -3
  17   21  5
  17   22  1
  17   23  -11
  17   24  -2
  17   25  7
  17   26  6
  17   27  -7
  17   28  -10
  17   35  13
  17   36  5
  17   38  12
  17   41  10
  17   43  8
  17   44  -5
  17   45  17
  17   47  -4
  17   48  -12
  18   20  -11
  18   22  -18
  18   24  5
  18   25  -13
  18   26  6
  18   27  -13
  18   30  -13
  18   31  2
  18   34  -7
  18   37  -13
  18   39  -12
  18   40  -11
  18   42  -9
  18   43  -15
  18   44  -18
  18   45  16
  18   46  18
  19   21  -9
  19   22  -7
  19   23  -8
  19   26  -2
  19   27  -9
  19   28  6
  19   29  -15
  19   30  4
  19   38  10
  19   40  -16
  19   42  -16
  19   44  -14
  19   46  14
  19   49  20
  20   21  -10
  20   23  -3
  20   24  -8
  20   26  13
  20   27  12
  20   28  -5
  20   29  19
  20   30  -2
  20   31  -3
  20   33  -12
  20   34  -1
  20   36  -11
  20   41  -14
  20   43  -1
  20   44  12
  20   45  5
  20   46  13
  20   47  10
  21   23  8
  21   24  -3
  21   25  8
  21   26  -5
  21   27  -4
  21   32  -16
  21   34  16
  21   35  3
  21   36  -7
  21   37  -16
  21   39  -19
  21   40  -4
  21   41  7
  21   43  -16
  21   44  -2
  21   45  20
  21   48  -19
  22   23  -8
  22   24  -11
  22   26  14
  22   27  -12
  22   29  8
  22   33  9
  22   34  -14
  22   38  -7
  22   40  13
  22   41  -8
  22   43  -13
  22   45  -10
  22   49  11
  23   25  -16
  23   27  -19
  23   30  -9
  23   31  -19
  23   33  -14
  23   37  -8
  23   38  19
  23   39  8
  23   41  -18
  23   43  -4
  23   44  -11
  23   47  15
  24   27  12
  24   29  8
  24   32  5
  24   33  -11
  24   36  -11
  24   39  2
  24   40  -9
  24   41  -7
  24   42  -11
  24   43  20
  24   47  -20
  24   48  -9
  24   49  9
  25   26  -9
  25   27  19
  25   28  -4
  25   30  -4
  25   32  -18
  25   33  -20
  25   34  13
  25   35  -10
  25   39  -20
  25   43  5
  25   44  9
  25   48  4
  26   29  4
  26   31  -8
  26   32  -15
  26   36  -11
  26   37  -18
  26   38  -3
  26   41  -7
  26   42  0
  26   43  -14
  26   47  18
  26   48  -12
  27   28  -10
  27   29  -2
  27   30  -17
  27   31  -10
  27   37  12
  27   38  -1
  27   41  -1
  27   45  6
  27   46  1
  27   47  1
  28   30  -3
  28   32  -4
  28   33  17
  28   37  4
  28   38  -3
  28   40  2
  28   41  8
  28   42  10
  28   43  -11
  28   44  17
  28   45  -1
  28   46  -2
  28   48  -20
  28   49  9
  29   31  1
  29   34  -17
  29   37  4
  29   40  15
  29   42  -17
  29   43  9
  29   45  -8
  29   46  -11
  29   47  -6
  29   48  -2
  30   32  16
  30   33  20
  30   35  -5
  30   36  10
  30   37  16
  30   38  10
  30   43  -17
  30   45  -6
  30   48  -14
  31   34  -4
  31   35  20
  31   37  16
  31   39  1
  31   40  5
  31   44  10
  31   45  -8
  31   46  -15
  31   49  -16
  32   33  18
  32   34  -8
  32   36  -15
  32   38  11
  32   39  10
  32   44  19
  32   47  -16
  32   48  -5
  33   35  19
  33   36  -10
  33   38  -3
  33   39  10
  33   41  -1
  33   42  -10
  33   43  10
  33   44  2
  33   45  15
  33   46  -13
  33   47  -13
  33   48  -12
  33   49  -12
  34   35  -11
  34   36  5
  34   38  -9
  34   39  18
  34   41  14
  34   42  -7
  34   43  16
  34   44  12
  34   45  13
  34   47  8
  35   37  10
  35   38  -10
  35   40  0
  35   41  2
  35   42  -19
  35   45  4
  35   47  14
  35   48  16
  35   49  -6
  36   40  7
  36   43  -16
  36   46  8
  36   47  10
  36   48  0
  36   49  5
  37   38  15
  37   39  20
  37   43  -5
  37   45  6
  37   48  -9
  37   49  -8
  38   39  -7
  38   40  -6
  38   42  -20
  38   44  7
  38   46  3
  38   48  1
  39   44  -2
  39   45  2
  39   46  13
  39   47  15
  39   49  1
  40   41  6
  40   43  8
  40   44  8
  40   45  -8
  40   48  14
  40   49  17
  41   42  -13
  41   43  9
  41   44  16
  42   44  -6
  42   46  6
  42   47  -19
  42   48  17
  42   49  16
  43   45  8
  43   46  -1
  43   47  -16
  44   48  -17
  44   49  -18
  45   46  -16
  45   49  -13
  46   47  2
  46   48  -7
  46   49  -1
  47   49  16